Answer Key for nice.png
========================================

1. 3
2. 4
3. 3
4. 3
5. 1
6. 1
7. 2
8. 3
9. 1
10. 1
11. 1
12. 1
13. 2
14. 4
15. 2
16. 4
17. 1
18. 1
19. 1
20. 1
21. 3
22. 1
23. 1
24. 1
25. 2
26. 4
27. 4
28. 2
29. 1
30. 2
31. 2
32. 3
33. 4
34. 2
35. 2
36. 1
37. 2
38. 4
39. 2
40. 4
41. 1
42. 2
43. 4
44. 2
45. 3
46. 4
47. 2
48. 1
49. 4
50. 3
51. 4
52. 2
53. 4
54. 3
55. 1
56. 2
57. 3
58. 4
59. 4
60. 1
61. 3
62. 3
63. 3
64. 4
65. 3
66. 1
67. 3
68. 3
69. 1
70. 4
71. 4
72. 2
73. 4
74. 4
75. 4
76. 4
77. 4
78. 2
79. 2
80. 3
81. 4
82. 3
83. 3
84. 1
85. 2
86. 4
87. 1
88. 1
89. 1
90. 1

Total: 90 questions answered